{
  "width": 16,
  "height": 16,
  "x_label": "Curiosity",
  "y_label": "Openness",
  "description": "Activation map showing the interaction between curiosity and openness.",
  "grid": [
    [
      0.0,
      0.0,
      0.0,
      0.0,
      0.0,
      0.0,
      0.0,
      0.0,
      0.0,
      0.0,
      0.0,
      0.0,
      0.0,
      0.0,
      0.0,
      0.0
    ],
    [
      0.0,
      0.0,
      0.0,
      0.0,
      0.0,
      0.0,
      0.0,
      0.0,
      0.0,
      0.0,
      0.0,
      0.0,
      0.0,
      0.0,
      0.0,
      0.0
    ],
    [
      0.0,
      0.0,
      0.0,
      0.0,
      0.0,
      0.0,
      0.0,
      0.0,
      0.0,
      0.0,
      0.0,
      0.0,
      0.0,
      0.0,
      0.0,
      0.0
    ],
    [
      0.0,
      0.0,
      0.0,
      0.0,
      0.0,
      0.0,
      0.0,
      0.0,
      0.0,
      0.0,
      0.0,
      0.0,
      0.0,
      0.0,
      0.0,
      0.0
    ],
    [
      0.0,
      0.0,
      0.0,
      0.0,
      0.0,
      0.0,
      0.07390096630005882,
      0.12276521241352749,
      0.13999999999999996,
      0.12276521241352749,
      0.07390096630005882,
      0.0,
      0.0,
      0.0,
      0.0,
      0.0
    ],
    [
      0.0,
      0.0,
      0.0,
      0.0,
      0.0,
      0.10603030380330015,
      0.19522282143504152,
      0.25728112757642685,
      0.27999999999999997,
      0.25728112757642685,
      0.19522282143504152,
      0.10603030380330015,
      0.0,
      0.0,
      0.0,
      0.0
    ],
    [
      0.0,
      0.0,
      0.0,
      0.0,
      0.07390096630005882,
      0.19522282143504152,
      0.30402020253553336,
      0.3869504831500294,
      0.42,
      0.3869504831500294,
      0.30402020253553336,
      0.19522282143504152,
      0.07390096630005882,
      0.0,
      0.0,
      0.0
    ],
    [
      0.0,
      0.0,
      0.0,
      0.0,
      0.12276521241352749,
      0.25728112757642685,
      0.3869504831500294,
      0.5020101012677667,
      0.5599999999999999,
      0.5020101012677667,
      0.3869504831500294,
      0.25728112757642685,
      0.12276521241352749,
      0.0,
      0.0,
      0.0
    ],
    [
      0.0,
      0.0,
      0.0,
      0.0,
      0.13999999999999996,
      0.27999999999999997,
      0.42,
      0.5599999999999999,
      0.7,
      0.5599999999999999,
      0.42,
      0.27999999999999997,
      0.13999999999999996,
      0.0,
      0.0,
      0.0
    ],
    [
      0.0,
      0.0,
      0.0,
      0.0,
      0.12276521241352749,
      0.25728112757642685,
      0.3869504831500294,
      0.5020101012677667,
      0.5599999999999999,
      0.5020101012677667,
      0.3869504831500294,
      0.25728112757642685,
      0.12276521241352749,
      0.0,
      0.0,
      0.0
    ],
    [
      0.0,
      0.0,
      0.0,
      0.0,
      0.07390096630005882,
      0.19522282143504152,
      0.30402020253553336,
      0.3869504831500294,
      0.42,
      0.3869504831500294,
      0.30402020253553336,
      0.19522282143504152,
      0.07390096630005882,
      0.0,
      0.0,
      0.0
    ],
    [
      0.0,
      0.0,
      0.0,
      0.0,
      0.0,
      0.10603030380330015,
      0.19522282143504152,
      0.25728112757642685,
      0.27999999999999997,
      0.25728112757642685,
      0.19522282143504152,
      0.10603030380330015,
      0.0,
      0.0,
      0.0,
      0.0
    ],
    [
      0.0,
      0.0,
      0.0,
      0.0,
      0.0,
      0.0,
      0.07390096630005882,
      0.12276521241352749,
      0.13999999999999996,
      0.12276521241352749,
      0.07390096630005882,
      0.0,
      0.0,
      0.0,
      0.0,
      0.0
    ],
    [
      0.0,
      0.0,
      0.0,
      0.0,
      0.0,
      0.0,
      0.0,
      0.0,
      0.0,
      0.0,
      0.0,
      0.0,
      0.0,
      0.0,
      0.0,
      0.0
    ],
    [
      0.0,
      0.0,
      0.0,
      0.0,
      0.0,
      0.0,
      0.0,
      0.0,
      0.0,
      0.0,
      0.0,
      0.0,
      0.0,
      0.0,
      0.0,
      0.0
    ],
    [
      0.0,
      0.0,
      0.0,
      0.0,
      0.0,
      0.0,
      0.0,
      0.0,
      0.0,
      0.0,
      0.0,
      0.0,
      0.0,
      0.0,
      0.0,
      0.0
    ]
  ],
  "snapshots": []
}