{
  "width": 16,
  "height": 16,
  "x_label": "Curiosity",
  "y_label": "Openness",
  "description": "Activation map representing the balance between curiosity and openness during the session.",
  "grid": [
    [
      0.0,
      0.0,
      0.0,
      0.0,
      0.0,
      0.0,
      0.0,
      0.0,
      0.0,
      0.0,
      0.0,
      0.0,
      0.0,
      0.0,
      0.0,
      0.0
    ],
    [
      0.0,
      0.0,
      0.0,
      0.0,
      0.0,
      0.0,
      0.0,
      0.0,
      0.0,
      0.0,
      0.0,
      0.0,
      0.0,
      0.0,
      0.0,
      0.0
    ],
    [
      0.0,
      0.0,
      0.0,
      0.0,
      0.0,
      0.0,
      0.0,
      0.0,
      0.0,
      0.0,
      0.0,
      0.0,
      0.0,
      0.0,
      0.0,
      0.0
    ],
    [
      0.0,
      0.0,
      0.0,
      0.0,
      0.0,
      0.0,
      0.0,
      0.0,
      0.013533528323661271,
      0.0,
      0.0,
      0.0,
      0.0,
      0.0,
      0.0,
      0.0
    ],
    [
      0.0,
      0.0,
      0.0,
      0.0,
      0.0,
      0.013533528323661271,
      0.02018965179946554,
      0.025666077695355588,
      0.027803730045319414,
      0.025666077695355588,
      0.02018965179946554,
      0.013533528323661271,
      0.0,
      0.0,
      0.0,
      0.0
    ],
    [
      0.0,
      0.0,
      0.0,
      0.0,
      0.013533528323661271,
      0.023692775868212182,
      0.03534546819587802,
      0.044932896411722156,
      0.04867522559599717,
      0.044932896411722156,
      0.03534546819587802,
      0.023692775868212182,
      0.013533528323661271,
      0.0,
      0.0,
      0.0
    ],
    [
      0.0,
      0.0,
      0.0,
      0.0,
      0.02018965179946554,
      0.03534546819587802,
      0.052729242404304856,
      0.06703200460356393,
      0.0726149037073691,
      0.06703200460356393,
      0.052729242404304856,
      0.03534546819587802,
      0.02018965179946554,
      0.0,
      0.0,
      0.0
    ],
    [
      0.0,
      0.0,
      0.0,
      0.0,
      0.025666077695355588,
      0.044932896411722156,
      0.06703200460356393,
      0.08521437889662115,
      0.09231163463866358,
      0.08521437889662115,
      0.06703200460356393,
      0.044932896411722156,
      0.025666077695355588,
      0.0,
      0.0,
      0.0
    ],
    [
      0.0,
      0.0,
      0.0,
      0.013533528323661271,
      0.027803730045319414,
      0.04867522559599717,
      0.0726149037073691,
      0.09231163463866358,
      0.1,
      0.09231163463866358,
      0.0726149037073691,
      0.04867522559599717,
      0.027803730045319414,
      0.013533528323661271,
      0.0,
      0.0
    ],
    [
      0.0,
      0.0,
      0.0,
      0.0,
      0.025666077695355588,
      0.044932896411722156,
      0.06703200460356393,
      0.08521437889662115,
      0.09231163463866358,
      0.08521437889662115,
      0.06703200460356393,
      0.044932896411722156,
      0.025666077695355588,
      0.0,
      0.0,
      0.0
    ],
    [
      0.0,
      0.0,
      0.0,
      0.0,
      0.02018965179946554,
      0.03534546819587802,
      0.052729242404304856,
      0.06703200460356393,
      0.0726149037073691,
      0.06703200460356393,
      0.052729242404304856,
      0.03534546819587802,
      0.02018965179946554,
      0.0,
      0.0,
      0.0
    ],
    [
      0.0,
      0.0,
      0.0,
      0.0,
      0.013533528323661271,
      0.023692775868212182,
      0.03534546819587802,
      0.044932896411722156,
      0.04867522559599717,
      0.044932896411722156,
      0.03534546819587802,
      0.023692775868212182,
      0.013533528323661271,
      0.0,
      0.0,
      0.0
    ],
    [
      0.0,
      0.0,
      0.0,
      0.0,
      0.0,
      0.013533528323661271,
      0.02018965179946554,
      0.025666077695355588,
      0.027803730045319414,
      0.025666077695355588,
      0.02018965179946554,
      0.013533528323661271,
      0.0,
      0.0,
      0.0,
      0.0
    ],
    [
      0.0,
      0.0,
      0.0,
      0.0,
      0.0,
      0.0,
      0.0,
      0.0,
      0.013533528323661271,
      0.0,
      0.0,
      0.0,
      0.0,
      0.0,
      0.0,
      0.0
    ],
    [
      0.0,
      0.0,
      0.0,
      0.0,
      0.0,
      0.0,
      0.0,
      0.0,
      0.0,
      0.0,
      0.0,
      0.0,
      0.0,
      0.0,
      0.0,
      0.0
    ],
    [
      0.0,
      0.0,
      0.0,
      0.0,
      0.0,
      0.0,
      0.0,
      0.0,
      0.0,
      0.0,
      0.0,
      0.0,
      0.0,
      0.0,
      0.0,
      0.0
    ]
  ],
  "snapshots": []
}