{
  "width": 16,
  "height": 16,
  "x_label": "Curiosity",
  "y_label": "Openness",
  "description": "Activation map showing the interaction between curiosity and openness.",
  "grid": [
    [
      0.0,
      0.0,
      0.0,
      0.0,
      0.0,
      0.0,
      0.0,
      0.0,
      0.0,
      0.0,
      0.0,
      0.0,
      0.0,
      0.0,
      0.0,
      0.0
    ],
    [
      0.0,
      0.0,
      0.0,
      0.0,
      0.0,
      0.0,
      0.0,
      0.0,
      0.0,
      0.0,
      0.0,
      0.0,
      0.0,
      0.0,
      0.0,
      0.0
    ],
    [
      0.0,
      0.0,
      0.0,
      0.0,
      0.0,
      0.0,
      0.0,
      0.0,
      0.0,
      0.0,
      0.0,
      0.0,
      0.0,
      0.0,
      0.0,
      0.0
    ],
    [
      0.0,
      0.0,
      0.0,
      0.0,
      0.0,
      0.0,
      0.0,
      0.0,
      0.0,
      0.0,
      0.0,
      0.0,
      0.0,
      0.0,
      0.0,
      0.0
    ],
    [
      0.0,
      0.0,
      0.0,
      0.0,
      0.0,
      0.0,
      0.07390096630005882,
      0.12276521241352749,
      0.13999999999999996,
      0.12276521241352749,
      0.07390096630005882,
      0.0,
      0.0,
      0.0,
      0.0,
      0.0
    ],
    [
      0.0,
      0.0,
      0.0,
      0.0,
      0.0,
      0.10603030380330015,
      0.19522282143504152,
      0.25728112757642685,
      0.0,
      0.25728112757642685,
      0.19522282143504152,
      0.10603030380330015,
      0.0,
      0.0,
      0.0,
      0.0
    ],
    [
      0.0,
      0.0,
      0.0,
      0.0,
      0.07390096630005882,
      0.19522282143504152,
      0.028595479208968266,
      0.12732200375003505,
      0.16666666666666669,
      0.12732200375003505,
      0.028595479208968266,
      0.19522282143504152,
      0.07390096630005882,
      0.0,
      0.0,
      0.0
    ],
    [
      0.0,
      0.0,
      0.0,
      0.0,
      0.12276521241352749,
      0.25728112757642685,
      0.12732200375003505,
      0.2642977396044841,
      0.33333333333333337,
      0.2642977396044841,
      0.12732200375003505,
      0.25728112757642685,
      0.12276521241352749,
      0.0,
      0.0,
      0.0
    ],
    [
      0.0,
      0.0,
      0.0,
      0.0,
      0.13999999999999996,
      0.0,
      0.16666666666666669,
      0.33333333333333337,
      0.5,
      0.33333333333333337,
      0.16666666666666669,
      0.0,
      0.13999999999999996,
      0.0,
      0.0,
      0.0
    ],
    [
      0.0,
      0.0,
      0.0,
      0.0,
      0.12276521241352749,
      0.25728112757642685,
      0.12732200375003505,
      0.2642977396044841,
      0.33333333333333337,
      0.2642977396044841,
      0.12732200375003505,
      0.25728112757642685,
      0.12276521241352749,
      0.0,
      0.0,
      0.0
    ],
    [
      0.0,
      0.0,
      0.0,
      0.0,
      0.07390096630005882,
      0.19522282143504152,
      0.028595479208968266,
      0.12732200375003505,
      0.16666666666666669,
      0.12732200375003505,
      0.028595479208968266,
      0.19522282143504152,
      0.07390096630005882,
      0.0,
      0.0,
      0.0
    ],
    [
      0.0,
      0.0,
      0.0,
      0.0,
      0.0,
      0.10603030380330015,
      0.19522282143504152,
      0.25728112757642685,
      0.0,
      0.25728112757642685,
      0.19522282143504152,
      0.10603030380330015,
      0.0,
      0.0,
      0.0,
      0.0
    ],
    [
      0.0,
      0.0,
      0.0,
      0.0,
      0.0,
      0.0,
      0.07390096630005882,
      0.12276521241352749,
      0.13999999999999996,
      0.12276521241352749,
      0.07390096630005882,
      0.0,
      0.0,
      0.0,
      0.0,
      0.0
    ],
    [
      0.0,
      0.0,
      0.0,
      0.0,
      0.0,
      0.0,
      0.0,
      0.0,
      0.0,
      0.0,
      0.0,
      0.0,
      0.0,
      0.0,
      0.0,
      0.0
    ],
    [
      0.0,
      0.0,
      0.0,
      0.0,
      0.0,
      0.0,
      0.0,
      0.0,
      0.0,
      0.0,
      0.0,
      0.0,
      0.0,
      0.0,
      0.0,
      0.0
    ],
    [
      0.0,
      0.0,
      0.0,
      0.0,
      0.0,
      0.0,
      0.0,
      0.0,
      0.0,
      0.0,
      0.0,
      0.0,
      0.0,
      0.0,
      0.0,
      0.0
    ]
  ],
  "snapshots": []
}