{
  "width": 16,
  "height": 16,
  "x_label": "Curiosity",
  "y_label": "Openness",
  "description": "Activation map representing the balance between curiosity and openness during the session.",
  "grid": [
    [
      0.0,
      0.0,
      0.0,
      0.0,
      0.0,
      0.0,
      0.0,
      0.0,
      0.0,
      0.0,
      0.0,
      0.0,
      0.0,
      0.0,
      0.0,
      0.0
    ],
    [
      0.0,
      0.0,
      0.0,
      0.0,
      0.0,
      0.0,
      0.0,
      0.0,
      0.0,
      0.0,
      0.0,
      0.0,
      0.0,
      0.0,
      0.0,
      0.0
    ],
    [
      0.0,
      0.0,
      0.0,
      0.0,
      0.0,
      0.0,
      0.0,
      0.0,
      0.0,
      0.0,
      0.0,
      0.0,
      0.0,
      0.0,
      0.0,
      0.0
    ],
    [
      0.0,
      0.0,
      0.0,
      0.0,
      0.0,
      0.0,
      0.0,
      0.0,
      0.013533528323661271,
      0.0,
      0.0,
      0.0,
      0.0,
      0.0,
      0.0,
      0.0
    ],
    [
      0.0,
      0.0,
      0.0,
      0.0,
      0.0,
      0.013533528323661271,
      0.02018965179946554,
      0.025666077695355588,
      0.027803730045319414,
      0.025666077695355588,
      0.02018965179946554,
      0.013533528323661271,
      0.0,
      0.0,
      0.0,
      0.0
    ],
    [
      0.0,
      0.0,
      0.0,
      0.0,
      0.013533528323661271,
      0.023692775868212182,
      0.03534546819587802,
      0.044932896411722156,
      0.0,
      0.044932896411722156,
      0.03534546819587802,
      0.023692775868212182,
      0.013533528323661271,
      0.0,
      0.0,
      0.0
    ],
    [
      0.0,
      0.0,
      0.0,
      0.0,
      0.02018965179946554,
      0.03534546819587802,
      0.028595479208968266,
      0.12732200375003505,
      0.16666666666666669,
      0.12732200375003505,
      0.028595479208968266,
      0.03534546819587802,
      0.02018965179946554,
      0.0,
      0.0,
      0.0
    ],
    [
      0.0,
      0.0,
      0.0,
      0.0,
      0.025666077695355588,
      0.044932896411722156,
      0.12732200375003505,
      0.2642977396044841,
      0.33333333333333337,
      0.2642977396044841,
      0.12732200375003505,
      0.044932896411722156,
      0.025666077695355588,
      0.0,
      0.0,
      0.0
    ],
    [
      0.0,
      0.0,
      0.0,
      0.013533528323661271,
      0.027803730045319414,
      0.0,
      0.16666666666666669,
      0.33333333333333337,
      0.5,
      0.33333333333333337,
      0.16666666666666669,
      0.0,
      0.027803730045319414,
      0.013533528323661271,
      0.0,
      0.0
    ],
    [
      0.0,
      0.0,
      0.0,
      0.0,
      0.025666077695355588,
      0.044932896411722156,
      0.12732200375003505,
      0.2642977396044841,
      0.33333333333333337,
      0.2642977396044841,
      0.12732200375003505,
      0.044932896411722156,
      0.025666077695355588,
      0.0,
      0.0,
      0.0
    ],
    [
      0.0,
      0.0,
      0.0,
      0.0,
      0.02018965179946554,
      0.03534546819587802,
      0.028595479208968266,
      0.12732200375003505,
      0.16666666666666669,
      0.12732200375003505,
      0.028595479208968266,
      0.03534546819587802,
      0.02018965179946554,
      0.0,
      0.0,
      0.0
    ],
    [
      0.0,
      0.0,
      0.0,
      0.0,
      0.013533528323661271,
      0.023692775868212182,
      0.03534546819587802,
      0.044932896411722156,
      0.0,
      0.044932896411722156,
      0.03534546819587802,
      0.023692775868212182,
      0.013533528323661271,
      0.0,
      0.0,
      0.0
    ],
    [
      0.0,
      0.0,
      0.0,
      0.0,
      0.0,
      0.013533528323661271,
      0.02018965179946554,
      0.025666077695355588,
      0.027803730045319414,
      0.025666077695355588,
      0.02018965179946554,
      0.013533528323661271,
      0.0,
      0.0,
      0.0,
      0.0
    ],
    [
      0.0,
      0.0,
      0.0,
      0.0,
      0.0,
      0.0,
      0.0,
      0.0,
      0.013533528323661271,
      0.0,
      0.0,
      0.0,
      0.0,
      0.0,
      0.0,
      0.0
    ],
    [
      0.0,
      0.0,
      0.0,
      0.0,
      0.0,
      0.0,
      0.0,
      0.0,
      0.0,
      0.0,
      0.0,
      0.0,
      0.0,
      0.0,
      0.0,
      0.0
    ],
    [
      0.0,
      0.0,
      0.0,
      0.0,
      0.0,
      0.0,
      0.0,
      0.0,
      0.0,
      0.0,
      0.0,
      0.0,
      0.0,
      0.0,
      0.0,
      0.0
    ]
  ],
  "snapshots": []
}